111.998 139.937 415.574 145.398
14.9501 365.246 330.633 364.226
108.406 202.564 413.783 206.214
379.717 214.468 690.191 204.525
18.1593 370.5 333.491 369.286
318.011 231.374 624.568 224.589
334.053 408.773 643.4 407.605
38.9838 147.46 348.814 157.522
146.657 298.093 452.482 298.229
182.548 110.347 482.494 110.652
108.012 354.276 416.178 353.273
219.055 318.368 524.576 316.328
267.581 252.304 571.848 248.404
338.066 154.533 643.057 144.593
137.678 181.457 440.932 184.308
290.583 252.778 595.959 247.935
363.781 332.287 676.335 328.614
281.282 268.827 586.524 264.805
196.681 370.255 502.677 368.405
294.509 252.904 600.424 247.648
131.857 115.29 433.658 119.476
122.694 318.401 430.524 318.684
127.337 161.359 430.47 164.497
313.918 272.308 621.013 267.258
384.396 220.237 695.539 210.316
251.292 261.444 555.28 258.375
229.636 271.796 533.731 269.354
215.539 189.506 517.308 187.344
258.749 272.471 563.313 269.245
226.692 299.29 531.139 297.283
249.341 68.4412 547.967 63.5535
171.48 107.792 471.584 109.65
174.514 350.562 480.38 349.148
229.257 298.307 533.876 296.211
177.556 371.86 483.479 369.547
301.232 215.298 605.7 209.273
209.377 232.342 512.421 230.289
79.9874 329.374 389.486 328.993
182.963 123.038 483.246 123.411
283.647 105.371 584.466 97.8035
279.608 325.041 586.101 322.279
95.8462 172.42 401.228 177.338
287.102 182.431 590.114 176.382
158.508 199.408 461.325 200.237
325.756 336.333 635.064 333.259
218.015 412.507 526.587 411.713
339.064 336.455 648.934 333.257
140.758 159.28 443.347 162.351
14.6636 63.3721 325.37 80.4044
258.906 299.255 564.29 296.287
224.868 136.057 525.275 133.161
261.399 320.557 566.909 318.187
129.032 312.018 436.129 312.264
116.29 177.484 420.652 181.643
368.516 214.344 678.434 204.7
203.728 142.292 504.426 140.439
277.962 159.782 580.41 152.949
214.63 330.167 520.18 328.271
278.114 116.362 578.788 109.619
180.625 275.944 484.718 275.698
96.1001 381.345 406.796 379.454
94.8013 139.586 399.438 146.261
280.151 94.3034 580.592 86.3729
253.706 343.516 559.705 341.352
225.702 334.404 531.389 332.401
74.708 141.505 380.845 149.173
231.404 211.805 533.474 209.35
134.913 416.507 444.169 414.029
311.274 108.382 612.942 99.2657
248.41 384.189 554.911 382.498
214.242 332.217 519.632 330.382
94.9673 343.236 404.43 342.424
302.329 195.288 606.371 188.803
82.8174 419.385 395.206 416.313
52.7501 416.296 367.618 412.554
162.805 202.495 465.685 201.201
269.069 70.5263 568.363 63.3073
140.017 296.267 446.201 296.294
113.702 190.88 418.515 194.371
138.126 310.51 444.788 310.373
178.844 363.67 485.617 362.266
131.707 208.325 435.996 210.41
248.872 322.37 553.134 320.319
64.9438 151.322 372.234 159.473
174.739 259.3 478.689 259.232
113.586 176.985 418.013 180.673
30.2163 155.559 340.728 165.219
132.647 177.322 435.884 180.232
59.743 244.378 369.577 248.301
94.503 116.377 398.493 123.703
161.845 178.044 463.935 178.963
231.539 327.574 537.226 325.371
255.902 152.8 556.734 148.464
287.046 191.364 590.322 185.608
225.845 112.454 525.377 110.428
78.7372 217.387 386.593 221.587
99.7889 277.269 407.266 278.489
306.076 172.769 609.525 165.295
229.775 284.524 534.002 282.493
75.0059 382.52 386.609 380.6
219.486 282.502 523.832 280.533
143.633 105.582 444.508 109.642
215.245 277.337 519.537 275.361
132.309 134.321 434.435 138.339
131.478 275.551 437.216 274.513
131.495 199.335 435.589 201.51
240.131 206.583 542.655 203.315
35.6293 256.275 348.241 260.317
259.848 439.861 568.879 439.039
92.6176 261.533 400.512 263.467
358.757 248.649 667.731 241.349
277.013 253.6 581.466 249.329
223.784 242.235 527.001 240.084
81.256 206.292 388.492 211.181
95.8816 212.267 402.533 216.249
140.501 140.638 442.73 144.285
195.223 138.126 495.707 138.091
215.443 292.857 520.291 290.853
61.9501 250.324 371.956 254.243
222.241 252.493 525.934 250.164
99.2978 148.329 403.661 154.019
87.9765 408.251 400.06 405.347
169.468 305.299 475.043 304.222
320.279 329.29 628.669 326.32
318.541 88.2979 620.535 77.7517
197.932 156.075 498.957 155.306
159.405 350.71 465.147 349.506
267.588 304.462 573.133 301.381
381.472 195.36 692.274 183.651
211.974 128.688 511.971 126.448
202.262 118.895 502.097 117.076
228.764 279.245 533.191 276.473
323.631 264.42 631.559 258.388
77.9189 357.573 389.034 356.704
340.801 230.482 648.04 223.487
51.9038 122.833 359.475 132.896
230.69 232.52 533.523 230.352
195.462 356.365 500.516 354.428
182.281 145.398 483.294 145.705
16.9188 154.864 328.977 165.699
223.908 318.474 528.911 316.377
85.4505 316.902 394.541 317.122
100.196 182.294 405.279 186.652
265.668 257.327 570.581 253.392
380.493 258.112 693.536 250.079
56.4311 142.478 364.433 152.169
377.785 145.529 686.585 131.504
143.14 212.928 447.127 214.319
226.53 301.236 531.401 298.801
176.764 250.753 480.676 250.258
271.9 277.509 577.081 273.654
356.28 220.684 664.367 212.18
166.337 293.328 471.724 292.35
73.3276 174.383 380.65 180.609
183.754 297.299 488.711 296.299
103.757 348.431 412.383 347.276
387.355 121.535 697.169 105.384
164.288 236.798 468.195 236.706
133.818 336.341 440.826 335.403
392.448 188.276 704.306 175.432
315.238 284.507 622.133 280.34
353.391 102.692 658.614 89.2838
176.155 450.219 485.472 448.353
111.547 256.162 418.43 258.28
296.335 292.336 602.629 288.8
223.857 292.31 528.623 290.283
57.4643 130.772 364.787 140.343
91.078 335.689 401.733 335.292
222.929 370.138 528.734 368.034
119.239 126.533 421.844 132.157
229.996 288.208 534.606 285.501
289.495 109.581 590.558 102.219
260.193 288.059 565.8 284.399
130.498 222.865 435.319 224.485
102.007 111.393 404.687 115.652
201.766 182.364 503.058 181.108
55.2951 255.03 365.592 258.617
351.191 280.243 661.059 274.202
183.782 211.339 486.678 210.419
186.237 246.299 489.999 245.21
78.9794 360.358 390.215 358.926
230.188 207.313 532.74 204.506
207.439 336.311 513.164 334.343
195.135 196.586 497.225 196.174
283.553 296.762 591.498 292.819
130.432 258.271 436.223 259.338
348.362 235.979 656.408 228.305
114.318 199.294 418.927 202.494
230.527 122.502 530.193 119.357
182.28 142.507 482.804 142.549
340.906 250.543 648.553 243.868
317.749 242.654 624.32 236.782
80.3634 272.473 388.834 274.365
163.476 104.314 463.988 106.31
221.648 385.907 528.738 384.076
151.875 290.614 457.581 290.418
65.9364 108.389 371.863 118.28
118.433 211.285 423.12 214.084
345.677 330.271 655.563 326.564
327.592 173.259 633.057 164.348
299.031 148.906 601.592 140.835
173.17 444.819 482.226 442.194
136.383 111.403 437.585 115.663
326.638 94.2949 629.274 82.4433
139.857 174.243 443.06 176.321
219.262 297.526 524.251 295.632
349.376 202.397 656.457 193.324
254.773 73.3334 553.27 68.2582
73.4695 185.631 380.275 190.89
315.866 88.4052 617.63 77.3219
145.616 336.408 452.779 335.345
245.917 123.573 546.048 118.549
239.139 8.34756 535.716 4.09223
98.0355 158.414 402.701 164.25
251.699 334.793 558.171 332.211
378.764 340.394 691.974 336.669
257.662 43.5367 555.583 37.3182
282.15 300.228 588.152 296.581
326.339 296.206 634.646 291.417
87.4663 104.54 392.036 112.476
199.15 96.0137 498.014 95.7886
192.513 191.346 494.757 190.455
364.863 231.238 674.25 222.518
325.936 86.7487 627.959 75.1789
186.588 292.456 491.633 291.245
333.751 217.282 640.41 209.27
194.424 173.618 496.287 172.301
358.808 254.505 667.886 247.285
322.024 154.222 626.283 144.395
31.3438 27.3173 339.338 46.2938
294.607 281.761 600.613 277.348
304.805 105.636 606.191 96.2894
118.687 151.4 422.533 156.29
320.511 426.135 632.633 426.115
173.631 262.359 478.099 261.716
133.537 388.676 442.488 387.111
192.083 154.937 493.255 154.918
233.231 358.441 539.796 356.321
281.074 360.007 587.479 357.59
338.749 324.531 648.431 321.285
93.6501 292.173 402.99 293.606
215.703 271.289 520.105 269.276
134.4 361.295 441.888 360.94
131.509 126.3 433.981 130.66
36.1779 162.277 346.896 171.414
45.2923 251.707 356.003 255.536
212.471 226.609 515.749 224.348
110.524 195.424 415.264 199.379
137.735 260.332 443.359 261.311
89.7373 142.353 395.312 149.367
31.1653 380.423 345.325 378.526
133.265 208.852 437.121 211.885
179.263 159.78 480.921 159.969
206.373 138.692 506.496 136.677
235.979 262.312 540.597 259.38
246.887 339.463 550.972 337.22
168.176 254.563 472.581 254.278
200.528 329.28 505.898 327.298
297.41 169.69 600.367 163.486
140.759 142.358 443.26 146.089
341.026 140.392 646.184 129.914
267.603 273.98 572.328 270.092
86.5824 336.86 395.616 336.635
216.376 272.424 520.822 270.46
145.4 182.399 448.707 184.314
228.609 49.5133 526.173 46.2168
169.663 115.423 469.566 117.383
162.258 287.697 467.678 287.322
220.336 196.291 522.549 194.257
166.445 343.231 473.037 341.407
112.593 142.124 416.394 146.265
142.492 167.301 445.541 169.411
127.212 354.61 435.487 352.906
289.138 214.335 593.298 209.238
274.675 190.561 578.085 185.136
191.205 348.218 497.146 346.24
309.958 98.495 611.837 87.6742
183.431 149.405 484.662 150.275
130.122 183.24 434.124 185.595
319.229 130.113 622.005 120.328
178.603 272.307 483.384 271.305
315.461 420.536 627.88 420.447
15.4902 262.212 330.386 267.313
169.621 152.469 471.31 154.278
208.669 286.588 513.146 285.325
98.4575 128.353 402.015 134.492
372.77 117.662 679.841 102.669
309.862 287.075 616.709 282.311
298.942 151.988 601.728 143.497
66.7839 199.697 374.376 204.965
256.706 44.3634 554.459 38.2779
289.299 465.002 598.169 464.632
290.863 132.356 592.963 125.239
202.75 276.373 507.38 274.813
201.975 119.863 502.322 118.933
77.5739 264.95 387.948 268.349
283.34 301.102 589.196 297.363
193.654 246.476 497.719 244.814
175.65 298.611 481.242 297.525
213.214 351.656 519.536 349.469
273.265 377.354 581.059 375.257
295.126 306.695 601.325 303.941
246.352 280.127 552.127 276.987
115.601 374.397 423.453 373.247
27.4293 184.114 338.504 192.482
259.187 339.289 565.077 336.618
291.904 104.695 592.202 96.8394
238.628 187.448 540.863 184.374
298.197 272.974 603.497 268.373
46.3049 127.272 354.287 137.783
328.566 369.807 637.755 367.312
238.972 51.8019 537.021 45.9188
279.213 243.613 583.782 239.686
8.96883 190.361 322.329 199.51
270.537 78.7166 570.774 71.5453
279.019 132.259 579.787 125.491
263.541 137.693 564.619 133.182
288.203 227.446 592.477 221.577
114.463 369.926 422.649 368.375
171.913 278.156 475.943 277.278
317.534 288.358 624.66 283.426
85.0616 91.2405 389.809 100.26
209.218 267.246 512.338 265.467
221.494 202.29 524.001 200.255
174.192 202.319 477.262 202.338
264.394 46.0075 562.246 39.2922
162.316 298.215 468.264 297.362
377.81 281.392 689.757 274.424
163.203 259.371 468.029 259.319
111.924 256.468 419.064 258.329
397.773 319.497 711.951 314.224
321.067 276.277 627.945 270.885
180.165 255.251 483.342 254.462
320.084 47.9105 621.087 34.3567
209.112 150.623 510.251 149.416
392.705 305.284 706.677 299.221
247.165 59.3086 545.02 54.2836
362.202 126.331 668.554 112.38
336.637 486.42 648.514 488.129
217.663 263.061 522.28 260.782
125.626 411.834 434.684 409.247
176.488 150.332 478.12 151.315
392.777 324.438 707.386 319.382
72.2472 183.843 378.943 189.626
211.322 110.107 510.344 108.079
88.9173 112.227 392.787 120.435
276.75 319.642 583.887 316.021
188.988 224.985 492.487 224.014
251.52 274.314 555.449 270.905
298.146 332.284 605.96 328.828
228.854 348.764 535.438 346.298
206.35 182.263 508.476 180.85
339.914 265.281 648.28 258.632
32.9631 205.183 343.934 212.336
128.775 191.516 433.33 194.431
115.055 390.195 423.888 388.178
170.113 435.833 477.662 431.999
377.715 240.312 689.399 230.739
29.2944 194.832 340.191 202.454
336.72 362.965 646.452 360.134
20.1697 340.053 335.984 339.502
82.4616 215.279 390.503 219.31
213.527 284.141 519.147 281.775
140.212 113.339 442.202 116.785
348.031 178.201 654.387 167.688
157.244 371.251 463.665 369.329
148.029 204.057 452.043 205.232
264.803 268.501 570.327 265.154
341.645 283.271 650.657 277.244
147.657 162.347 450.623 164.55
11.0305 330.377 326.744 330.27
298.841 190.9 601.233 184.837
124.129 137.581 426.258 142.296
163.212 330.546 468.398 329.474
398.553 232.328 711.528 221.705
354.528 288.404 665.121 282.102
120.161 182.177 424.832 184.756
376.327 289.367 689.612 282.359
175.846 208.838 479.228 208.523
327.047 282.679 634.145 277.328
261.443 184.829 563.608 181.501
203.244 378.883 511.435 377.151
198.405 195.432 500.936 194.695
20.6558 222.395 334.213 230.197
312.387 375.64 623.048 373.454
176.083 131.881 477.085 135.494
370.365 277.622 681.48 270.539
48.3692 231.326 359.141 235.262
251.562 266.422 554.909 263.103
331.574 356.39 640.829 353.309
179.777 318.338 486.544 316.789
220.852 34.1449 517.691 31.4292
148.216 299.925 454.798 298.48
181.436 360.685 489.548 358.822
321.108 279.94 628.033 274.522
385.12 343.83 699.121 339.796
258.89 56.3683 556.715 50.2779
300.062 519.161 610.118 519.645
172.466 122.681 473.614 124.412
347.483 111.313 651.832 98.0138
39.7216 55.9806 347.008 72.3266
350.925 217.758 658.426 208.79
320.378 168.037 624.308 158.872
319.642 37.3545 620.271 23.225
373.388 232.433 683.988 222.714
112.515 282.653 418.973 283.935
30.2261 268.36 342.447 272.181
225.174 450.013 532.322 448.12
202.327 170.373 504.15 169.755
314.111 278.248 621.735 274.085
370.467 353.495 683.542 350.021
231.81 22.2321 528.325 18.3995
209.91 265.227 515.008 262.847
260.059 311.834 565.571 308.402
314.295 62.5132 614.374 51.3915
293.533 241.179 597.991 235.504
16.5106 208.86 329.057 216.531
282.418 197.591 586.23 192.574
346.209 116.093 651.694 104.145
140.63 370.106 447.811 368.171
201.674 213.027 504.689 212.189
51.4845 236.187 360.513 240.262
165.961 148.076 466.275 151.628
255.62 53.3338 553.255 47.3554
337.454 237.965 644.58 230.257
78.777 298.442 388.219 298.305
154.747 277.457 460.443 278.663
24.517 371.183 339.209 369.11
185.595 262.044 490.219 261.375
201.066 256.232 505.604 254.645
218.653 196.654 521.431 194.511
193.204 215.24 496.471 214.66
16.2314 13.3933 326.788 34.3619
22.0573 47.4151 332.65 65.4016
40.2456 279.417 353.506 281.68
144.634 382.002 453.558 378.667
140.806 244.338 446.394 245.534
94.0387 308.152 402.209 309.198
260.717 488.389 569.851 488.51
120.998 373.319 428.782 371.538
200.771 245.456 504.799 244.44
176.541 217.357 480.427 216.571
225.104 100.485 523.294 98.3207
239.32 330.447 544.791 327.463
356.242 232.113 664.504 223.358
35.144 176.594 345.117 185.528
241.203 298.307 547.277 296.226
29.9971 264.495 342.118 268.717
137.276 207.349 442.032 208.078
130.852 244.333 437.036 246.111
385.283 267.385 696.003 259.606
227.009 135.469 528.336 132.526
29.5767 58.2495 339.183 73.6519
291.838 494.505 595.31 489.242
231.408 202.034 534.219 199.949
202.401 224.344 505.747 223.852
28.3695 215.47 339.778 222.561
217.722 463.145 526.984 460.427
120.418 200.528 425.801 202.274
358.86 91.6119 663.797 75.7775
46.3686 262.253 356.783 266.103
379.18 175.826 689.743 164.297
203.069 176.43 505.673 174.651
152.318 189.404 456.177 191.291
259.977 297.202 565.166 295.497
48.3969 178.981 359.195 186.712
85.9584 403.274 396.453 400.376
15.1558 237.426 331.122 243.413
249.232 357.585 554.795 354.579
217.528 187.437 520.048 185.93
250.097 90.2668 548.291 85.324
126.302 407.77 434.686 405.335
370.578 270.078 681.588 262.172
118.529 318.417 424.954 318.426
56.4467 273.1 366.329 276.371
232.023 50.1237 528.874 46.5503
255.053 214.346 559.231 206.84
125.081 398.266 433.472 395.355
216.611 278.127 522.306 276.093
179.408 158.927 481.835 159.123
238.679 214.374 542.536 211.348
145.044 428.7 453.115 425.37
54.3636 204.03 364.454 208.778
90.182 171.005 394.758 176.698
354.796 304.396 664.233 298.686
314.91 274.034 621.138 268.128
254.382 141.652 556.42 137.289
85.2634 146.351 391.01 149.661
341.875 333.962 651.899 331.964
175.235 445.928 482.226 442.194
150.601 360.33 456.216 358.551
321.958 201.69 629.096 194.369
333.254 352.096 644.057 348.257
92.29 398.168 401.162 396.139
238.598 226.557 542.619 224.2
80.0291 296.532 388.219 298.305
359.162 207.122 665.974 197.295
104.848 407.781 413.83 405.253
382.055 303.498 694.654 296.822
324.709 100.34 630.662 86.9607
299.622 324.2 604.852 320.144
109.738 124.533 411.581 130.314
201.715 238.98 504.94 233.795
351.925 470.129 663.638 472.36
263.774 108.78 564.908 104.3
361.436 212.347 669.369 201.976
5.48371 52.2467 316.078 72.3575
318.807 69.7269 618.376 58.5898
162.805 202.495 465.685 201.201

